Controller      Sample    Stable    PitchSettling    YawSettling    PitchBandwidth    YawBandwidth    PitchSteadyStateErrorPercent    YawSteadyStateErrorPercent    YawFromPitchPeak    PitchFromYawPeak    PitchDisturbancePeak    YawDisturbancePeak
    ______________    ______    ______    _____________    ___________    ______________    ____________    ____________________________    __________________________    ________________    ________________    ____________________    __________________

    "mixsyn"             1      true         0.74599          1.0282          5.7252           4.1743                    1.1443                         1.1464               8.5946e-05          0.00013548             0.012617               0.056209     
    "mixsyn"             2      true          3.6201         0.97108           5.761           4.4683                    1.1442                         1.1462               0.00013034          0.00013151             0.013799               0.058145     
    "mixsyn"             3      true           4.191         0.99475           5.804           4.3746                     1.144                         1.1438               0.00019811          0.00028826             0.012755               0.057468     
    "mixsyn"             4      true          3.0175          1.0056          5.8223           4.3126                    1.1439                         1.1426                 0.000189           0.0003614             0.012798                0.05728     
    "mixsyn"             5      true          1.8214          0.9848          4.2552           4.3819                    1.1443                          1.147               0.00017261          0.00021971             0.011918               0.057625     
    "mixsyn"             6      true          1.2602          1.0269          5.7981           4.1892                    1.1441                         1.1452               0.00012909          0.00018186             0.012937               0.056854     
    "mixsyn"             7      true         0.85788         0.95843          4.7189           4.5236                     1.144                         1.1442               0.00017109          0.00021278             0.012744               0.059328     
    "mixsyn"             8      true         0.78506         0.98912          5.5695           4.3743                    1.1441                         1.1454               0.00011344          5.7786e-05             0.013103               0.057021     
    "mixsyn"             9      true         0.71589         0.99719          5.7475           4.3159                     1.144                         1.1438               0.00012758          0.00014002              0.01268                0.05573     
    "mixsyn"            10      true          1.7515           1.002           4.533           4.3116                     1.144                         1.1441               9.6723e-05          0.00014384             0.013587               0.060204     
    "hinfsyn"            1      true         0.74599          1.0282          5.7252           4.1743                    1.1443                         1.1464               8.5946e-05          0.00013548             0.012617               0.056209     
    "hinfsyn"            2      true          3.6201         0.97108           5.761           4.4683                    1.1442                         1.1462               0.00013034          0.00013151             0.013799               0.058145     
    "hinfsyn"            3      true           4.191         0.99475           5.804           4.3746                     1.144                         1.1438               0.00019811          0.00028826             0.012755               0.057468     
    "hinfsyn"            4      true          3.0175          1.0056          5.8223           4.3126                    1.1439                         1.1426                 0.000189           0.0003614             0.012798                0.05728     
    "hinfsyn"            5      true          1.8214          0.9848          4.2552           4.3819                    1.1443                          1.147               0.00017261          0.00021971             0.011918               0.057625     
    "hinfsyn"            6      true          1.2602          1.0269          5.7981           4.1892                    1.1441                         1.1452               0.00012909          0.00018186             0.012937               0.056854     
    "hinfsyn"            7      true         0.85788         0.95843          4.7189           4.5236                     1.144                         1.1442               0.00017109          0.00021278             0.012744               0.059328     
    "hinfsyn"            8      true         0.78506         0.98912          5.5695           4.3743                    1.1441                         1.1454               0.00011344          5.7786e-05             0.013103               0.057021     
    "hinfsyn"            9      true         0.71589         0.99719          5.7475           4.3159                     1.144                         1.1438               0.00012758          0.00014002              0.01268                0.05573     
    "hinfsyn"           10      true          1.7515           1.002           4.533           4.3116                     1.144                         1.1441               9.6723e-05          0.00014384             0.013587               0.060204     
    "PID+comp"           1      true         0.77832         0.95235          5.9408           4.6366                         0                              0               0.00065354           0.0023545             0.012492               0.048693     
    "PID+comp"           2      true          4.1164         0.88434          5.8479           4.9971                         0                              0               0.00064778           0.0022818             0.013643               0.050358     
    "PID+comp"           3      true          4.1764         0.91052            5.91           4.8775                         0                              0               0.00075505           0.0026738             0.012648                 0.0497     
    "PID+comp"           4      true          3.0039         0.92292          5.9435           4.8042                         0                              0               0.00074184           0.0026969             0.012686               0.049575     
    "PID+comp"           5      true          1.8204         0.89862          4.2875             4.89                         0                              0               0.00055511           0.0021956             0.011806               0.049815     
    "PID+comp"           6      true          1.2687         0.95022           5.946           4.6549                1.9878e-14                              0               0.00068676           0.0024698             0.012808               0.049258     
    "PID+comp"           7      true         0.88247          0.8665          4.7757           5.0652                         0                              0               0.00056715           0.0023022             0.012608                0.05126     
    "PID+comp"           8      true         0.82968         0.90422          6.0032           4.8811                         0                              0               0.00063782           0.0023791             0.012969               0.049392     
    "PID+comp"           9      true          1.1907         0.91477          5.8885           4.8099                         0                              0               0.00061291           0.0023309             0.012546               0.048356     
    "PID+comp"          10      true          1.7491         0.91719          4.5699           4.8061                         0                     1.3252e-14               0.00063547           0.0025245             0.013444               0.052019     
    "mu-synthesis"       1      true          2.4779           4.192          3.9264           4.4056                    1.2566                         0.1812               0.00054199          0.00029243             0.012775                0.04528     
    "mu-synthesis"       2      true           1.033          4.1666          4.2671           4.8014                    1.2566                        0.18117               0.00052145           0.0002142             0.013999               0.047086     
    "mu-synthesis"       3      true          1.0181          4.2019          4.3808            4.685                    1.2563                        0.18079               0.00053821          0.00047808             0.012893               0.045624     
    "mu-synthesis"       4      true          1.4291          4.2031           4.297           4.5893                    1.2561                        0.18058               0.00054328          0.00053017              0.01294               0.045865     
    "mu-synthesis"       5      true          2.4202           4.161          3.6155            4.702                    1.2567                        0.18129                0.0005383          0.00021479             0.012058               0.045435     
    "mu-synthesis"       6      true          1.9682          4.1989          4.1456           4.4226                    1.2565                          0.181               0.00054266          0.00036785             0.013099               0.046001     
    "mu-synthesis"       7      true          2.4751          4.1554           3.737           4.8573                    1.2563                        0.18085               0.00055602          0.00035839             0.012911               0.046874     
    "mu-synthesis"       8      true          2.4915           4.176          3.8696           4.6885                    1.2565                        0.18103               0.00054079          0.00027726             0.013271               0.046049     
    "mu-synthesis"       9      true          1.9633          4.1745          4.0042           4.5977                    1.2563                        0.18078               0.00053176          0.00035549              0.01285               0.045699     
    "mu-synthesis"      10      true          2.4583          4.1855          3.7265           4.5962                    1.2563                        0.18083               0.00055109          0.00034682             0.013764               0.047862     

>> 